  8   13    3    2    2    2    1
  1         4.0000         6.0000
  2         8.0000         6.0000
  3        12.0000         6.0000
  4         0.0000         0.0000
  5         4.0000         0.0000
  6         8.0000         0.0000
  7        12.0000         0.0000
  8        16.0000         0.0000
  0    0
  0    0
  0    0
 -1   -1
 -1   -1
 -1    0
 -1   -1
 -1   -1
      40.0000       -50.0000
      35.5300        35.3500
       0.0000         0.0000
       0.0000         0.0000
       0.0000         0.0000
       0.0000         0.0000
       0.0000       -30.0000
       0.0000         0.0000
  1    2    1    1    0
  2    3    1    1    0
  1    4    2    2    0
  1    5    2    2    0
  1    6    2    2    0
  2    6    2    2    0
  3    6    2    2    0
  3    7    2    2    0
  3    8    2    2    0
  4    5    3    1    0
  5    6    3    1    0
  6    7    3    1    0
  7    8    3    1    0
250000000.00000          0.23000      0.00      0.00      0.00
150000000.00000          0.35000      0.00      0.00      0.00
210000000.00000          0.25000      0.00      0.00      0.00
        8.00000          0.00000          0.00000      0.00      0.00
        3.00000          0.00000          0.00000      0.00      0.00
       0.0000        -0.0000
       0.0000         0.0000
       0.0000         0.0000
       0.0000         0.0000
       0.0000         0.0000
       0.0000         0.0000
       0.0000         0.0000
       0.0000         0.0000
       8.0014         0.0000
     -27.5286         0.0000
      23.2098         0.0000
     -16.6213         0.0000
     -63.3260         0.0000
      35.3500         0.0000
      20.8406        -0.0000
       6.6121         0.0000
     -28.7873         0.0000
      -0.0000         0.0000
      -0.0000         0.0000
      -0.0000         0.0000
      -0.0000         0.0000
 kN
 m
